ATTRIBUTES:

Attribute #1:
Attribute #2:
Attribute #3:
Attribute #4:
Attribute #5:
Attribute #6:
COMMENT:;
SWITCH:
MAPPINGS:0,0,0,2,1,4

SETUP:MOSCAP  09/26/2016  14:12:57
DATE:09/26/2016
TIME:14:12:57

CONDITIONS:

ID:	A	
UNIT:	CML	
MODE: CONST	
VALUE:	-10

ID:	K	
UNIT:	CMH	
MODE: SWEEP	
START:	-10	
STOP:	10	
PNTS:	401	
STEP:	0.05

DATA:  MOSCAP  09/26/2016  14:12:57

C	BIASVAL	
2.90000000E-011	-1.00000000E+001	
3.10000000E-011	-9.95000000E+000	
3.12000000E-011	-9.90000000E+000	
3.15000000E-011	-9.85000000E+000	
3.17000000E-011	-9.80000000E+000	
3.21000000E-011	-9.75000000E+000	
3.23000000E-011	-9.70000000E+000	
3.26000000E-011	-9.65000000E+000	
3.29000000E-011	-9.60000000E+000	
3.33000000E-011	-9.55000000E+000	
3.36000000E-011	-9.50000000E+000	
3.39000000E-011	-9.45000000E+000	
3.42000000E-011	-9.40000000E+000	
3.45000000E-011	-9.35000000E+000	
3.49000000E-011	-9.30000000E+000	
3.52000000E-011	-9.25000000E+000	
3.56000000E-011	-9.20000000E+000	
3.59000000E-011	-9.15000000E+000	
3.63000000E-011	-9.10000000E+000	
3.66000000E-011	-9.05000000E+000	
3.71000000E-011	-9.00000000E+000	
3.75000000E-011	-8.95000000E+000	
3.79000000E-011	-8.90000000E+000	
3.84000000E-011	-8.85000000E+000	
3.89000000E-011	-8.80000000E+000	
3.93000000E-011	-8.75000000E+000	
3.98000000E-011	-8.70000000E+000	
4.04000000E-011	-8.65000000E+000	
4.09000000E-011	-8.60000000E+000	
4.15000000E-011	-8.55000000E+000	
4.19000000E-011	-8.50000000E+000	
4.25000000E-011	-8.45000000E+000	
4.32000000E-011	-8.40000000E+000	
4.39000000E-011	-8.35000000E+000	
4.45000000E-011	-8.30000000E+000	
4.53000000E-011	-8.25000000E+000	
4.60000000E-011	-8.20000000E+000	
4.67000000E-011	-8.15000000E+000	
4.76000000E-011	-8.10000000E+000	
4.84000000E-011	-8.05000000E+000	
4.94000000E-011	-8.00000000E+000	
5.04000000E-011	-7.95000000E+000	
5.14000000E-011	-7.90000000E+000	
5.24000000E-011	-7.85000000E+000	
5.35000000E-011	-7.80000000E+000	
5.48000000E-011	-7.75000000E+000	
5.60000000E-011	-7.70000000E+000	
5.73000000E-011	-7.65000000E+000	
5.88000000E-011	-7.60000000E+000	
6.02000000E-011	-7.55000000E+000	
6.19000000E-011	-7.50000000E+000	
6.37000000E-011	-7.45000000E+000	
6.57000000E-011	-7.40000000E+000	
6.78000000E-011	-7.35000000E+000	
6.99000000E-011	-7.30000000E+000	
7.23000000E-011	-7.25000000E+000	
7.47000000E-011	-7.20000000E+000	
7.73000000E-011	-7.15000000E+000	
8.00000000E-011	-7.10000000E+000	
8.26000000E-011	-7.05000000E+000	
8.51000000E-011	-7.00000000E+000	
8.74000000E-011	-6.95000000E+000	
8.90000000E-011	-6.90000000E+000	
9.00000000E-011	-6.85000000E+000	
9.04000000E-011	-6.80000000E+000	
9.06000000E-011	-6.75000000E+000	
9.08000000E-011	-6.70000000E+000	
9.09000000E-011	-6.65000000E+000	
9.09000000E-011	-6.60000000E+000	
9.09000000E-011	-6.55000000E+000	
9.10000000E-011	-6.50000000E+000	
9.10000000E-011	-6.45000000E+000	
9.10000000E-011	-6.40000000E+000	
9.11000000E-011	-6.35000000E+000	
9.11000000E-011	-6.30000000E+000	
9.11000000E-011	-6.25000000E+000	
9.11000000E-011	-6.20000000E+000	
9.12000000E-011	-6.15000000E+000	
9.12000000E-011	-6.10000000E+000	
9.12000000E-011	-6.05000000E+000	
9.12000000E-011	-6.00000000E+000	
9.12000000E-011	-5.95000000E+000	
9.12000000E-011	-5.90000000E+000	
9.12000000E-011	-5.85000000E+000	
9.13000000E-011	-5.80000000E+000	
9.14000000E-011	-5.75000000E+000	
9.14000000E-011	-5.70000000E+000	
9.13000000E-011	-5.65000000E+000	
9.15000000E-011	-5.60000000E+000	
9.15000000E-011	-5.55000000E+000	
9.16000000E-011	-5.50000000E+000	
9.16000000E-011	-5.45000000E+000	
9.17000000E-011	-5.40000000E+000	
9.18000000E-011	-5.35000000E+000	
9.19000000E-011	-5.30000000E+000	
9.19000000E-011	-5.25000000E+000	
9.21000000E-011	-5.20000000E+000	
9.22000000E-011	-5.15000000E+000	
9.22000000E-011	-5.10000000E+000	
9.23000000E-011	-5.05000000E+000	
9.24000000E-011	-5.00000000E+000	
9.25000000E-011	-4.95000000E+000	
9.26000000E-011	-4.90000000E+000	
9.27000000E-011	-4.85000000E+000	
9.29000000E-011	-4.80000000E+000	
9.31000000E-011	-4.75000000E+000	
9.32000000E-011	-4.70000000E+000	
9.33000000E-011	-4.65000000E+000	
9.34000000E-011	-4.60000000E+000	
9.37000000E-011	-4.55000000E+000	
9.39000000E-011	-4.50000000E+000	
9.41000000E-011	-4.45000000E+000	
9.43000000E-011	-4.40000000E+000	
9.45000000E-011	-4.35000000E+000	
9.49000000E-011	-4.30000000E+000	
9.51000000E-011	-4.25000000E+000	
9.55000000E-011	-4.20000000E+000	
9.58000000E-011	-4.15000000E+000	
9.61000000E-011	-4.10000000E+000	
9.65000000E-011	-4.05000000E+000	
9.68000000E-011	-4.00000000E+000	
9.70000000E-011	-3.95000000E+000	
9.74000000E-011	-3.90000000E+000	
9.76000000E-011	-3.85000000E+000	
9.80000000E-011	-3.80000000E+000	
9.83000000E-011	-3.75000000E+000	
9.87000000E-011	-3.70000000E+000	
9.90000000E-011	-3.65000000E+000	
9.95000000E-011	-3.60000000E+000	
9.99000000E-011	-3.55000000E+000	
1.00400000E-010	-3.50000000E+000	
1.00800000E-010	-3.45000000E+000	
1.01300000E-010	-3.40000000E+000	
1.01900000E-010	-3.35000000E+000	
1.02500000E-010	-3.30000000E+000	
1.03100000E-010	-3.25000000E+000	
1.03700000E-010	-3.20000000E+000	
1.04300000E-010	-3.15000000E+000	
1.04900000E-010	-3.10000000E+000	
1.05600000E-010	-3.05000000E+000	
1.06300000E-010	-3.00000000E+000	
1.06900000E-010	-2.95000000E+000	
1.07600000E-010	-2.90000000E+000	
1.08300000E-010	-2.85000000E+000	
1.09000000E-010	-2.80000000E+000	
1.09800000E-010	-2.75000000E+000	
1.10500000E-010	-2.70000000E+000	
1.11300000E-010	-2.65000000E+000	
1.12000000E-010	-2.60000000E+000	
1.12700000E-010	-2.55000000E+000	
1.13600000E-010	-2.50000000E+000	
1.14300000E-010	-2.45000000E+000	
1.15100000E-010	-2.40000000E+000	
1.15900000E-010	-2.35000000E+000	
1.16600000E-010	-2.30000000E+000	
1.17400000E-010	-2.25000000E+000	
1.18000000E-010	-2.20000000E+000	
1.18700000E-010	-2.15000000E+000	
1.19500000E-010	-2.10000000E+000	
1.20200000E-010	-2.05000000E+000	
1.21000000E-010	-2.00000000E+000	
1.21700000E-010	-1.95000000E+000	
1.22500000E-010	-1.90000000E+000	
1.23200000E-010	-1.85000000E+000	
1.24100000E-010	-1.80000000E+000	
1.24900000E-010	-1.75000000E+000	
1.25700000E-010	-1.70000000E+000	
1.26600000E-010	-1.65000000E+000	
1.27600000E-010	-1.60000000E+000	
1.28600000E-010	-1.55000000E+000	
1.29700000E-010	-1.50000000E+000	
1.30900000E-010	-1.45000000E+000	
1.32100000E-010	-1.40000000E+000	
1.33300000E-010	-1.35000000E+000	
1.34700000E-010	-1.30000000E+000	
1.36200000E-010	-1.25000000E+000	
1.37800000E-010	-1.20000000E+000	
1.39500000E-010	-1.15000000E+000	
1.41200000E-010	-1.10000000E+000	
1.42900000E-010	-1.05000000E+000	
1.44800000E-010	-1.00000000E+000	
1.46800000E-010	-9.50000000E-001	
1.48600000E-010	-9.00000000E-001	
1.50400000E-010	-8.50000000E-001	
1.52000000E-010	-8.00000000E-001	
1.53700000E-010	-7.50000000E-001	
1.55200000E-010	-7.00000000E-001	
1.56400000E-010	-6.50000000E-001	
1.57700000E-010	-6.00000000E-001	
1.58800000E-010	-5.50000000E-001	
1.59700000E-010	-5.00000000E-001	
1.60600000E-010	-4.50000000E-001	
1.61200000E-010	-4.00000000E-001	
1.61800000E-010	-3.50000000E-001	
1.62400000E-010	-3.00000000E-001	
1.63000000E-010	-2.50000000E-001	
1.63400000E-010	-2.00000000E-001	
1.63800000E-010	-1.50000000E-001	
1.64100000E-010	-1.00000000E-001	
1.64500000E-010	-5.00000000E-002	
1.64800000E-010	0.00000000E+000	
1.65000000E-010	5.00000000E-002	
1.65200000E-010	1.00000000E-001	
1.65600000E-010	1.50000000E-001	
1.65800000E-010	2.00000000E-001	
1.66000000E-010	2.50000000E-001	
1.66200000E-010	3.00000000E-001	
1.66400000E-010	3.50000000E-001	
1.66700000E-010	4.00000000E-001	
1.66900000E-010	4.50000000E-001	
1.67100000E-010	5.00000000E-001	
1.67300000E-010	5.50000000E-001	
1.67500000E-010	6.00000000E-001	
1.67700000E-010	6.50000000E-001	
1.67800000E-010	7.00000000E-001	
1.68000000E-010	7.50000000E-001	
1.68200000E-010	8.00000000E-001	
1.68300000E-010	8.50000000E-001	
1.68500000E-010	9.00000000E-001	
1.68500000E-010	9.50000000E-001	
1.68600000E-010	1.00000000E+000	
1.68700000E-010	1.05000000E+000	
1.68800000E-010	1.10000000E+000	
1.69000000E-010	1.15000000E+000	
1.69100000E-010	1.20000000E+000	
1.69100000E-010	1.25000000E+000	
1.69200000E-010	1.30000000E+000	
1.69200000E-010	1.35000000E+000	
1.69300000E-010	1.40000000E+000	
1.69400000E-010	1.45000000E+000	
1.69500000E-010	1.50000000E+000	
1.69600000E-010	1.55000000E+000	
1.69600000E-010	1.60000000E+000	
1.69700000E-010	1.65000000E+000	
1.69700000E-010	1.70000000E+000	
1.69800000E-010	1.75000000E+000	
1.69800000E-010	1.80000000E+000	
1.69900000E-010	1.85000000E+000	
1.69900000E-010	1.90000000E+000	
1.70000000E-010	1.95000000E+000	
1.70000000E-010	2.00000000E+000	
1.70100000E-010	2.05000000E+000	
1.70200000E-010	2.10000000E+000	
1.70100000E-010	2.15000000E+000	
1.70200000E-010	2.20000000E+000	
1.70200000E-010	2.25000000E+000	
1.70300000E-010	2.30000000E+000	
1.70400000E-010	2.35000000E+000	
1.70400000E-010	2.40000000E+000	
1.70400000E-010	2.45000000E+000	
1.70500000E-010	2.50000000E+000	
1.70400000E-010	2.55000000E+000	
1.70500000E-010	2.60000000E+000	
1.70500000E-010	2.65000000E+000	
1.70500000E-010	2.70000000E+000	
1.70600000E-010	2.75000000E+000	
1.70600000E-010	2.80000000E+000	
1.70700000E-010	2.85000000E+000	
1.70700000E-010	2.90000000E+000	
1.70700000E-010	2.95000000E+000	
1.70700000E-010	3.00000000E+000	
1.70700000E-010	3.05000000E+000	
1.70700000E-010	3.10000000E+000	
1.70700000E-010	3.15000000E+000	
1.70800000E-010	3.20000000E+000	
1.70800000E-010	3.25000000E+000	
1.70800000E-010	3.30000000E+000	
1.70800000E-010	3.35000000E+000	
1.70900000E-010	3.40000000E+000	
1.70900000E-010	3.45000000E+000	
1.70900000E-010	3.50000000E+000	
1.70900000E-010	3.55000000E+000	
1.70900000E-010	3.60000000E+000	
1.70900000E-010	3.65000000E+000	
1.70900000E-010	3.70000000E+000	
1.71000000E-010	3.75000000E+000	
1.70900000E-010	3.80000000E+000	
1.71000000E-010	3.85000000E+000	
1.71000000E-010	3.90000000E+000	
1.71000000E-010	3.95000000E+000	
1.71000000E-010	4.00000000E+000	
1.71000000E-010	4.05000000E+000	
1.71000000E-010	4.10000000E+000	
1.71100000E-010	4.15000000E+000	
1.71100000E-010	4.20000000E+000	
1.71100000E-010	4.25000000E+000	
1.71100000E-010	4.30000000E+000	
1.71100000E-010	4.35000000E+000	
1.71200000E-010	4.40000000E+000	
1.71200000E-010	4.45000000E+000	
1.71100000E-010	4.50000000E+000	
1.71200000E-010	4.55000000E+000	
1.71200000E-010	4.60000000E+000	
1.71200000E-010	4.65000000E+000	
1.71200000E-010	4.70000000E+000	
1.71200000E-010	4.75000000E+000	
1.71300000E-010	4.80000000E+000	
1.71200000E-010	4.85000000E+000	
1.71300000E-010	4.90000000E+000	
1.71200000E-010	4.95000000E+000	
1.71300000E-010	5.00000000E+000	
1.71300000E-010	5.05000000E+000	
1.71200000E-010	5.10000000E+000	
1.71200000E-010	5.15000000E+000	
1.71300000E-010	5.20000000E+000	
1.71300000E-010	5.25000000E+000	
1.71300000E-010	5.30000000E+000	
1.71300000E-010	5.35000000E+000	
1.71300000E-010	5.40000000E+000	
1.71400000E-010	5.45000000E+000	
1.71400000E-010	5.50000000E+000	
1.71400000E-010	5.55000000E+000	
1.71400000E-010	5.60000000E+000	
1.71400000E-010	5.65000000E+000	
1.71300000E-010	5.70000000E+000	
1.71400000E-010	5.75000000E+000	
1.71400000E-010	5.80000000E+000	
1.71400000E-010	5.85000000E+000	
1.71300000E-010	5.90000000E+000	
1.71400000E-010	5.95000000E+000	
1.71400000E-010	6.00000000E+000	
1.71400000E-010	6.05000000E+000	
1.71400000E-010	6.10000000E+000	
1.71500000E-010	6.15000000E+000	
1.71400000E-010	6.20000000E+000	
1.71500000E-010	6.25000000E+000	
1.71500000E-010	6.30000000E+000	
1.71400000E-010	6.35000000E+000	
1.71500000E-010	6.40000000E+000	
1.71500000E-010	6.45000000E+000	
1.71500000E-010	6.50000000E+000	
1.71500000E-010	6.55000000E+000	
1.71500000E-010	6.60000000E+000	
1.71500000E-010	6.65000000E+000	
1.71500000E-010	6.70000000E+000	
1.71500000E-010	6.75000000E+000	
1.71500000E-010	6.80000000E+000	
1.71500000E-010	6.85000000E+000	
1.71500000E-010	6.90000000E+000	
1.71500000E-010	6.95000000E+000	
1.71600000E-010	7.00000000E+000	
1.71500000E-010	7.05000000E+000	
1.71600000E-010	7.10000000E+000	
1.71500000E-010	7.15000000E+000	
1.71500000E-010	7.20000000E+000	
1.71500000E-010	7.25000000E+000	
1.71500000E-010	7.30000000E+000	
1.71600000E-010	7.35000000E+000	
1.71500000E-010	7.40000000E+000	
1.71600000E-010	7.45000000E+000	
1.71600000E-010	7.50000000E+000	
1.71500000E-010	7.55000000E+000	
1.71600000E-010	7.60000000E+000	
1.71600000E-010	7.65000000E+000	
1.71600000E-010	7.70000000E+000	
1.71600000E-010	7.75000000E+000	
1.71600000E-010	7.80000000E+000	
1.71600000E-010	7.85000000E+000	
1.71600000E-010	7.90000000E+000	
1.71700000E-010	7.95000000E+000	
1.71600000E-010	8.00000000E+000	
1.71600000E-010	8.05000000E+000	
1.71700000E-010	8.10000000E+000	
1.71700000E-010	8.15000000E+000	
1.71700000E-010	8.20000000E+000	
1.71600000E-010	8.25000000E+000	
1.71600000E-010	8.30000000E+000	
1.71700000E-010	8.35000000E+000	
1.71600000E-010	8.40000000E+000	
1.71700000E-010	8.45000000E+000	
1.71700000E-010	8.50000000E+000	
1.71700000E-010	8.55000000E+000	
1.71600000E-010	8.60000000E+000	
1.71700000E-010	8.65000000E+000	
1.71700000E-010	8.70000000E+000	
1.71700000E-010	8.75000000E+000	
1.71700000E-010	8.80000000E+000	
1.71700000E-010	8.85000000E+000	
1.71700000E-010	8.90000000E+000	
1.71700000E-010	8.95000000E+000	
1.71700000E-010	9.00000000E+000	
1.71700000E-010	9.05000000E+000	
1.71700000E-010	9.10000000E+000	
1.71700000E-010	9.15000000E+000	
1.71700000E-010	9.20000000E+000	
1.71800000E-010	9.25000000E+000	
1.71700000E-010	9.30000000E+000	
1.71700000E-010	9.35000000E+000	
1.71800000E-010	9.40000000E+000	
1.71700000E-010	9.45000000E+000	
1.71700000E-010	9.50000000E+000	
1.71800000E-010	9.55000000E+000	
1.71700000E-010	9.60000000E+000	
1.71800000E-010	9.65000000E+000	
1.71800000E-010	9.70000000E+000	
1.71800000E-010	9.75000000E+000	
1.71800000E-010	9.80000000E+000	
1.71700000E-010	9.85000000E+000	
1.71700000E-010	9.90000000E+000	
1.71800000E-010	9.95000000E+000	
1.71800000E-010	1.00000000E+001	

TEST RESULTS:  MOSCAP  09/26/2016  14:12:57


