DATA:  DIODE  02/13/2005  21:55:22

VK	IK	
-1	-3.119e-011	
-0.98	-1e-011	
-0.96	3.92e-012	
-0.94	1.239e-011	
-0.92	3.41e-012	
-0.9	-4.55e-012	
-0.88	-1.883e-011	
-0.86	-1.989e-011	
-0.84	2.291e-011	
-0.82	-1.242e-011	
-0.8	-2.252e-011	
-0.78	-1.146e-011	
-0.76	-3.98e-012	
-0.74	1.13e-011	
-0.72	1.053e-011	
-0.7	4.2e-013	
-0.68	-1.192e-011	
-0.66	-2.137e-011	
-0.64	-1.13e-011	
-0.62	-5.05e-012	
-0.6	9.32e-012	
-0.58	1.496e-011	
-0.56	6.54e-012	
-0.54	-2.16e-012	
-0.52	-1.529e-011	
-0.5	-2.101e-011	
-0.48	-9.23e-012	
-0.46	-1.92e-012	
-0.44	1.328e-011	
-0.42	1.231e-011	
-0.4	2.77e-012	
-0.38	-7.08e-012	
-0.36	-1.908e-011	
-0.34	-1.088e-011	
-0.32	-3.43e-012	
-0.3	1.031e-011	
-0.28	1.501e-011	
-0.26	4.87e-012	
-0.24	-2.58e-012	
-0.22	-1.721e-011	
-0.2	-1.282e-011	
-0.18	-4.96e-012	
-0.16	6.31e-012	
-0.14	1.739e-011	
-0.12	1.013e-011	
-0.1	2.33e-012	
-0.08	-1.024e-011	
-0.06	-1.699e-011	
-0.04	-6.34e-012	
-0.02	2.02e-012	
0	5.52e-012	
0.02	-6.43e-012	
0.04	-1.659e-011	
0.06	-8.05e-012	
0.08	1.94e-012	
0.1	1.911e-011	
0.12	2.451e-011	
0.14	-8.57e-012	
0.16	4.757e-011	
0.18	9.853e-011	
0.2	1.2979e-010	
0.22	3.1658e-010	
0.24	6.2342e-010	
0.26	1.2763e-009	
0.28	2.6505e-009	
0.3	5.3498e-009	
0.32	1.0975e-008	
0.34	2.2278e-008	
0.36	4.5039e-008	
0.38	9.0767e-008	
0.4	1.8243e-007	
0.42	3.6626e-007	
0.44	7.3222e-007	
0.46	1.47e-006	
0.48	2.963e-006	
0.5	5.9626e-006	
0.52	1.1899e-005	
0.54	2.3548e-005	
0.56	4.6335e-005	
0.58	9.1213e-005	
0.6	0.00018009	
0.62	0.00035557	
0.64	0.0006936	
0.66	0.0013103	
0.68	0.0023407	
0.7	0.0038806	
0.72	0.0059394	
0.74	0.0084591	
0.76	0.0113454	
0.78	0.014548	
0.8	0.01796	
0.82	0.021546	
0.84	0.025271	
0.86	0.029104	
0.88	0.03302	
0.9	0.037019	
0.92	0.041075	
0.94	0.045181	
0.96	0.04933	
0.98	0.053513	
1	0.057731	

