DATA:  DIODE  02/13/2005  22:05:06

VK	IK	
-1	-8.8663e-007	
-0.98	-8.704e-007	
-0.96	-8.4927e-007	
-0.94	-8.2907e-007	
-0.92	-8.1224e-007	
-0.9	-7.9601e-007	
-0.88	-7.8197e-007	
-0.86	-7.668e-007	
-0.84	-7.4956e-007	
-0.82	-7.3832e-007	
-0.8	-7.2521e-007	
-0.78	-7.0848e-007	
-0.76	-6.9635e-007	
-0.74	-6.8244e-007	
-0.72	-6.734e-007	
-0.7	-6.5813e-007	
-0.68	-6.475e-007	
-0.66	-6.3506e-007	
-0.64	-6.2455e-007	
-0.62	-6.115e-007	
-0.6	-6.0065e-007	
-0.58	-5.9072e-007	
-0.56	-5.7781e-007	
-0.54	-5.664e-007	
-0.52	-5.5772e-007	
-0.5	-5.4657e-007	
-0.48	-5.3577e-007	
-0.46	-5.2549e-007	
-0.44	-5.1628e-007	
-0.42	-5.0526e-007	
-0.4	-4.9544e-007	
-0.38	-4.8623e-007	
-0.36	-4.7512e-007	
-0.34	-4.6526e-007	
-0.32	-4.5603e-007	
-0.3	-4.4593e-007	
-0.28	-4.341e-007	
-0.26	-4.2438e-007	
-0.24	-4.1347e-007	
-0.22	-4.0309e-007	
-0.2	-3.9211e-007	
-0.18	-3.8028e-007	
-0.16	-3.6839e-007	
-0.14	-3.5519e-007	
-0.12	-3.4051e-007	
-0.1	-3.2462e-007	
-0.08	-3.0317e-007	
-0.06	-2.7367e-007	
-0.04	-2.2711e-007	
-0.02	-1.4709e-007	
0	1.164e-011	
0.02	2.8225e-007	
0.04	8.3946e-007	
0.06	1.9618e-006	
0.08	4.267e-006	
0.1	9.035e-006	
0.12	1.9006e-005	
0.14	3.9985e-005	
0.16	8.3936e-005	
0.18	0.00017483	
0.2     0.00035745	
0.22	0.00070575	
0.24	0.0013171	
0.26	0.0022828	
0.28	0.0036448	
0.3	0.0053858	
0.32	0.007451	
0.34	0.0097775	
0.36	0.012309	
0.38	0.015005	
0.4	0.017834	
0.42	0.020774	
0.44	0.023788	
0.46	0.026874	
0.48	0.030017	
0.5	0.033208	
0.52	0.036447	
0.54	0.039727	
0.56	0.043043	
0.58	0.046397	
0.6	0.04979	
0.62	0.05322	
0.64	0.056695	
0.66	0.060231	
0.68	0.063827	
0.7	0.067496	
0.72	0.071254	
0.74	0.075105	
0.76	0.079063	
0.78	0.083151	
0.8	0.087338	
0.82	0.091644	
0.84	0.096068	
0.86	0.100007	
0.88	0.100007	
0.9	0.100009	
0.92	0.100008	
0.94	0.100007	
0.96	0.100007	
0.98	0.100009	
1	0.100008	

